93.5873161764706
97.8577205882353
93.87371323529412
94.28121706146571
93.31927807790105
94.67297160041674
75.77975087481526
73.81806904200309
76.60358750096249
191.68207720588236
196.7048713235294
196.34126838235295
61.6623718153231
61.55789908294067
63.437483606559
-81.9396751508433
-82.27553826155
-84.77329578730958
36.760569852941174
36.87931985294118
36.88262867647059
58.25614339327342
59.84652901853893
58.63738041608613
75.63456040681463
77.62330274274012
76.5336001929706
32.49650735294118
36.51498161764706
31.38170955882353
51.52614615708655
51.57850558892181
50.13957152161579
74.34329567285356
73.20097487202698
73.15134155914254
99.36636029411764
98.64503676470588
92.82297794117648
93.47125309492226
91.12413515888281
90.48616498060001
69.86675119079523
70.72825026703711
73.9078337716124
115.87509191176471
106.06397058823529
87.21470588235294
76.23920924724969
69.65085687661151
70.38880366077977
42.12641478159236
48.858136207887036
61.64010995529732
25.60284926470588
35.74761029411765
19.41700367647059
31.949890269063786
27.438522421436232
16.46309669493462
44.53573528685078
34.975827514008515
22.65155388325313
95.31038602941176
90.45836397058824
58.95229779411765
44.40543573722427
35.77561959795419
30.243047697915323
-25.642526809383156
-29.355030470771386
10.670935435908369
80.87215073529411
84.8060661764706
41.54816176470588
37.007259276044024
34.19190113034684
30.182856882046153
34.313517482205214
25.166754963188176
37.409443176072344
